1.240906E-02   3.540334E-22      160
1.503786E-03   1.032757E-05      210
1.500467E-07   2.174274E-03      260
8.964515E-15   1.616949E-12      210
2.462418E-02   1.913418E-09      230
7.749029E-03   5.092734E-10      260
3.365018E-22   1.170078E-02      150
3.588653E-04   3.034372E-01      110
3.602270E-26   3.530332E-02      120
2.971394E-24   3.619048E-23      180
1.149071E-06   9.935915E-22      290
2.223846E-02   3.101444E-08      140
6.726810E-07   5.697019E-12      120
1.200968E-01   5.433457E-10      140
8.266516E-08   7.547724E-06      250
4.334877E-07   3.630637E-13      220
4.377787E-39   5.278083E-28      130
2.510546E-04   6.464110E-10      180
3.610436E-07   6.825924E-16      250
7.407677E-17   2.246617E-16      270
8.041574E-03   6.804803E-03      190
3.194218E-10   3.888571E-09      290
5.683337E-11   6.045023E-02      160
1.159202E-05   6.026621E-14      150
3.383341E-06   1.116232E+00      170
6.827335E-02   7.949358E-08      220
3.315446E-20   1.003734E-24      230
1.342204E-07   5.221899E-01      200
7.371974E-08   4.904123E-22      280
7.175001E-02   2.938116E+00      130
1.247884E-26   1.134554E-23      110
8.393269E-17   3.285161E-01      120
8.868626E-02   7.654134E+00      250
5.620406E-10   6.645109E-27      250
1.096417E-02   3.889193E-14      160
6.626335E-11   1.765382E-07      190
4.524802E-01   2.765219E-50      280
8.774685E-02   5.150005E-11      250
1.527794E-03   9.702174E-05      270
1.986271E-03   1.556962E-28      290
1.069546E-32   1.584898E-17      110
4.594564E-08   1.436691E-10      240
6.121001E-02   2.727480E-01      220
2.173706E-09   1.212691E-02      160
5.258633E-18   5.156941E-14      240
1.083957E-01   4.094371E-27      120
4.159256E-06   4.487267E+00      140
1.039517E-01   2.289129E+01      160
7.790830E-01   2.411730E+01      160
1.828815E+00   2.535480E+01      160
2.718558E-01   2.701500E+01      120
3.408336E-08   1.936685E+01      260
1.114471E-08   6.940536E-02      110
2.977086E-02   7.875121E-29      260
7.709943E-04   3.705789E-43      230
2.978333E-03   2.830015E-13      220
9.572175E-09   3.686651E-16      270
9.433030E-04   3.248573E-03      150
1.271292E-04   5.270825E-06      230
5.677126E-13   4.804707E-03      250
6.208000E-06   1.121701E+01      110
3.318981E-14   2.106496E-02      160
2.775910E-11   4.924733E-12      120
1.481791E-12   3.856995E-28      290
1.191029E-04   5.006985E-08      140
2.635527E-01   1.091940E-03      150
7.378912E-02   4.570234E-07      190
1.915748E-17   1.204755E-06      260
1.342182E-09   4.005054E+01      180
4.873607E+00   7.287585E+01      190
9.719971E+00   7.111899E+01      190
9.982954E+00   7.011920E+01      180
4.427460E+00   7.211614E+01      180
3.342966E-01   6.552483E+01      200
2.038469E-17   3.285921E+01      280
1.101599E-06   1.478829E+01      250
6.162842E-17   5.079295E+00      190
4.889143E-09   1.194559E-04      230
7.725631E-25   6.099704E-02      220
4.182759E-04   1.693404E-04      160
1.738340E-07   8.139194E+00      160
3.719070E+00   2.225489E+01      190
7.272028E+00   2.867573E+01      190
6.800526E+00   2.121305E+01      180
2.361437E+00   1.925927E+01      180
8.939613E-03   9.052991E-12      120
3.049118E-19   1.040692E-02      170
2.255205E-02   4.702380E-05      110
3.199905E-12   4.568916E+00      180
1.258240E-04   2.922241E-09      290
2.301419E-04   4.523223E+01      150
6.377430E+00   8.008272E+01      180
9.999692E+00   7.383525E+01      180
9.375462E+00   8.000622E+01      180
4.115095E+00   6.873963E+01      200
4.428369E-01   8.081024E+01      280
1.437026E-02   6.588830E+01      230
1.420114E-02   2.238687E+01      170
8.151486E-03   1.522160E+00      250
1.431853E-14   2.674222E-02      230
3.204828E-15   1.377250E-02      120
6.247746E-02   7.780299E-02      240
2.193504E+00   3.322471E+01      190
6.158599E+00   3.479924E+01      180
9.963931E+00   3.162514E+01      180
9.991072E+00   2.650370E+01      170
3.224746E+00   2.917055E+01      160
4.842109E-02   2.423368E-01      240
1.286602E-27   3.791298E-15      190
1.139904E-08   3.418268E-08      260
5.334718E-02   4.001913E-19      130
1.668077E-03   3.284364E-03      150
4.364327E-02   4.223680E+01      110
2.815768E+00   8.263821E+01      170
8.325599E+00   6.958514E+01      180
6.775122E+00   6.763790E+01      160
2.369004E+00   7.538053E+01      180
1.103770E-11   1.028636E+02      160
1.625657E-02   9.781817E+01      180
7.727905E-03   5.566796E+01      220
3.060334E-01   1.009798E+01      280
8.799938E-19   1.296048E-36      130
8.367437E-17   4.195624E-04      270
1.672930E-06   1.933571E-01      210
1.160353E-04   1.146339E+01      260
2.832362E+00   3.815259E+01      180
5.779106E+00   2.351877E+01      170
6.349153E+00   2.577811E+01      180
2.385837E+00   3.326232E+01      190
1.008907E-06   9.164716E+00      170
1.096049E-09   3.476936E-05      230
3.240529E-14   1.633028E-11      180
3.625123E-30   3.801944E-02      210
1.524922E-06   3.333629E-04      220
3.115373E-20   2.781285E+01      210
1.340900E-01   5.503776E+01      180
4.228171E+00   7.608019E+01      170
4.350389E+00   7.265466E+01      160
1.414537E+00   7.167543E+01      180
2.797573E-04   1.045782E+02      290
1.794555E-04   9.558241E+01      270
2.028222E-02   5.275397E+01      140
1.190016E-14   1.242912E+01      260
4.972887E-16   4.114311E-01      180
5.181681E-59   1.329254E-03      290
2.965489E-17   8.625492E-03      110
1.747181E-17   2.016452E-48      170
8.564190E-02   2.821797E-01      130
4.816991E-10   2.323655E-12      190
4.453760E-11   1.024133E+01      280
3.113632E-21   1.257966E+01      270
1.064528E-20   6.903031E-02      200
1.170274E-21   1.610237E-13      250
1.071540E-19   3.273708E-03      230
1.780150E-18   4.474003E-03      280
1.424747E-22   1.568591E-04      260
4.252788E-12   1.796996E+00      210
2.290175E-12   1.407526E+01      260
9.620796E-07   2.416140E+01      170
1.051098E-09   3.254549E+01      260
1.044785E-47   3.590979E+01      280
2.315540E-30   6.314575E+01      130
6.253651E-04   5.147520E+01      260
1.336803E-02   2.220534E+01      220
3.198391E-14   3.839569E-01      150
2.621557E-07   1.628193E-10      120
1.192028E-42   5.630588E-02      170
2.293851E-31   5.551341E-02      220
1.784228E-58   2.337402E-33      220
9.357890E-10   1.074664E-13      140
8.476487E-02   7.025691E+00      170
3.753124E-37   1.388824E-10      280
1.389253E-72   4.985950E-07      180
1.325184E-16   1.971210E-02      190
2.010800E-95   1.006184E-02      280
4.035675E-48   2.397321E-02      120
