8.738654E-10   1.356764E-02       210
1.840703E-11   1.589177E+00       210
3.405783E-11   1.585531E+00       220
2.057187E-06   5.296048E-07       230
3.539295E-40   4.901163E-08       210
4.497327E-02   1.848735E+00       230
6.737523E-32   1.170603E+01       210
5.996488E-09   7.460768E+00       210
2.774538E-22   8.974015E+00       210
9.421855E-08   3.074374E-12       210
1.057796E-06   1.477780E-13       230
2.003342E-12   1.903661E-01       250
7.015273E-09   2.988372E-03       220
2.487790E-05   1.434916E-02       230
2.485546E-16   1.046944E-02       220
2.244300E-02   1.279300E-02       220
1.290657E-07   1.201840E-02       210
2.646259E-30   5.630228E-04       220
4.871736E-03   4.590485E+00       230
1.714562E-06   2.835152E+01       240
2.088550E-01   6.378377E+01       230
4.626995E-01   6.783080E+01       210
2.832723E-01   5.912030E+01       250
4.402703E-04   2.918186E+01       250
2.249578E-03   1.373157E+01       200
1.507249E-11   3.894616E-40       230
2.104727E-06   3.154701E-05       240
3.457028E-07   1.124385E-02       230
8.275124E-05   1.645185E-02       220
1.436670E-18   9.969852E-01       210
4.412576E-02   8.920657E-01       230
5.139870E-30   9.298678E-08       240
2.425885E-06   1.887087E+01       220
1.192347E-09   6.961637E+01       250
3.928319E+00   1.185019E+02       210
5.430559E+00   1.291971E+02       220
3.624565E+00   1.245008E+02       220
1.776287E-07   7.080674E+01       230
2.930148E-07   2.149190E+01       200
4.073233E-12   4.181818E-16       200
1.355362E-01   1.095847E-45       210
1.328553E-28   6.199264E+00       220
3.057576E-08   1.884584E-02       230
1.008898E-02   2.199913E-02       220
8.998978E-18   2.132404E-02       220
5.133502E-05   3.053741E-04       240
9.502946E-50   1.014224E+01       230
7.505802E-01   7.382622E+01       220
5.874831E+00   1.314274E+02       210
8.055168E+00   1.251096E+02       220
5.198170E+00   1.324469E+02       220
5.594629E-01   7.889840E+01       250
3.501763E-05   2.027562E+01       200
4.533612E-43   4.182822E-04       240
1.206784E-44   5.018318E-03       240
3.763434E-20   1.976414E-02       220
1.332412E-25   8.174331E+00       230
3.992619E-10   1.754387E-03       210
5.354810E-07   1.686576E-01       230
3.860249E-46   1.972967E-29       250
5.458985E-34   2.035336E+00       200
2.366111E-08   6.207985E+01       210
2.225400E+00   1.249241E+02       210
4.250251E+00   1.239523E+02       220
2.813134E+00   1.229736E+02       230
1.668270E-04   6.444284E+01       250
6.979460E-59   1.968714E+01       250
1.433646E-31   8.465491E-17       250
5.581923E-06   2.472599E-01       240
2.310431E-46   6.798659E+00       240
5.102620E-13   5.860916E-05       240
7.776920E-05   1.592951E-02       230
8.159922E-08   2.272222E-02       210
7.666285E-40   7.843586E-19       200
3.769365E-20   3.313441E+00       250
2.010721E-13   3.176248E+01       220
1.701164E-18   6.622849E+01       220
2.275142E-07   7.716679E+01       220
3.451180E-09   6.323847E+01       250
1.101352E-20   3.344587E+01       240
4.083394E-21   9.106412E+00       200
6.512224E-04   5.916900E-04       220
3.110685E-08   1.410916E-04       250
2.836780E-19   7.023059E-04       240
