5.331014E-50   2.191930E-37     170
1.395407E-45   4.697141E-05     110
1.085317E-06   1.577411E-28     280
6.157583E-40   2.328097E+00     150
8.409300E-05   2.943345E-01     220
8.278512E-12   2.643906E-08     140
1.366866E-15   3.912689E-14     130
1.721271E-06   1.061094E-11     200
2.024637E-24   2.321106E-12     110
7.752830E-18   2.105610E-04     150
2.080681E-18   5.994756E-11     120
2.572265E-11   6.928237E-15     170
1.108903E-06   5.030730E-09     220
2.643494E-19   1.617842E-07     180
8.489484E-19   1.920139E-24     260
1.374395E-03   4.025614E-14     250
1.163060E-25   9.445915E-27     220
5.776261E-17   4.396501E-06     290
6.325277E-12   5.371460E-03     200
2.735170E-52   1.261661E-07     140
3.420071E-18   2.588142E-25     150
2.214522E-01   3.525318E-04     290
1.915754E-05   1.937987E+00     290
6.879691E-37   3.224022E-19     180
2.458752E-01   1.893528E+01     220
5.761705E-02   5.155123E+01     180
2.494264E-18   5.262784E+01     210
4.987588E-03   2.256566E+01     210
4.395009E-10   1.907759E-05     120
1.294491E-12   3.640542E-55     250
2.973460E-07   9.073368E-05     180
9.507151E-05   1.731001E-07     290
4.589118E-25   4.674211E-05     230
4.329313E-22   2.900079E-06     110
1.237178E+00   2.932845E+01     150
1.425222E+00   2.697182E+01     150
5.506393E-24   2.159869E+00     280
2.875799E-15   9.543680E-13     200
2.080620E-45   8.330003E-05     230
1.265000E-10   9.915167E-23     160
5.118835E-05   4.953254E-04     290
6.827917E-46   3.521758E-02     260
7.519226E-06   4.625403E-17     140
5.809054E-16   1.893710E-06     120
6.257368E-09   2.962089E-04     200
2.281799E-05   6.259357E-03     240
2.548817E-01   6.701073E+01     220
5.359091E+00   1.376263E+02     190
3.859509E+00   1.383894E+02     180
1.843146E-01   6.183656E+01     120
9.590059E-12   3.345376E+00     280
2.761630E-04   1.658515E-09     260
1.125988E-09   3.758713E-03     290
5.784837E-03   3.776980E-30     220
5.209084E-06   3.891041E-15     200
7.018512E-01   2.678115E+01     110
7.388677E+00   8.061799E+01     170
8.602728E+00   8.209413E+01     180
2.778817E+00   5.278457E+01     160
8.601247E-13   1.059411E+01     140
2.501090E-11   2.443772E-09     290
1.486821E-09   1.047143E+00     210
1.200865E-13   1.034492E-11     160
6.920023E-18   8.401013E+00     270
7.036360E-19   8.031312E-10     200
3.021365E-15   3.406910E-31     280
6.592351E-31   1.826215E+00     150
1.715334E-30   1.262305E-11     200
1.403368E+00   8.370172E+01     190
1.053442E+01   1.461492E+02     190
7.832649E+00   1.620891E+02     190
2.213568E+00   8.196142E+01     180
3.143157E-26   9.823536E+00     170
7.109173E-09   1.639907E-05     180
7.823113E-36   1.095463E-15     290
6.503342E-44   2.810287E-26     230
4.309222E-04   1.506164E-28     240
1.145773E+00   3.300563E+01     170
1.053559E+01   8.774714E+01     180
1.034570E+01   1.015878E+02     180
4.700828E+00   8.184325E+01     170
2.313956E-12   9.047812E+00     270
2.362403E-02   7.062877E-61     210
1.444567E-14   1.624939E-33     180
1.727901E-05   1.218038E-05     280
1.081856E+00   2.183195E+01     110
7.317743E-04   1.448363E+01     290
8.534705E-02   1.487020E-03     130
8.238798E-11   1.208794E-31     160
4.350751E-21   3.732866E+00     150
8.424399E-08   9.765195E+01     110
8.929155E+00   1.822091E+02     200
9.128462E+00   1.522779E+02     200
1.734209E+00   8.281795E+01     190
6.742150E-02   1.494139E+00     270
3.374404E-11   7.365407E-02     230
5.377859E-16   1.579380E-34     110
8.959246E-07   5.980820E-17     150
2.320080E-05   1.538341E+00     250
3.204141E-03   3.352335E+01     200
5.255656E+00   8.290674E+01     180
5.204548E+00   7.071587E+01     180
1.789252E+00   4.010851E+01     150
2.390158E-08   4.344193E-04     240
2.710033E-09   2.442733E-07     140
3.622689E-04   4.767960E-03     180
3.097413E+00   2.088831E+01     120
7.087008E+00   3.312368E+01     120
4.014883E+00   2.934007E+01     120
7.389991E-03   2.747710E-07     190
1.302841E-76   8.622326E-01     190
8.452161E-52   1.162151E+01     180
7.039492E-03   7.456357E+01     140
2.460222E+00   1.453619E+02     200
2.029978E+00   1.017653E+02     190
3.283863E-11   4.211946E+01     120
4.134089E-09   6.941791E-03     120
1.743629E-33   4.161416E-06     180
9.093820E-38   6.693274E-10     220
2.020842E-09   6.157462E-37     170
4.475421E-06   4.007790E-43     220
4.175329E-12   5.812471E-04     140
1.905039E-13   1.538447E+01     280
9.262924E-06   1.175563E+01     260
4.378610E-51   7.478778E+00     160
4.659827E-12   4.216056E-44     170
6.635044E-40   3.381082E-17     210
1.340451E+00   2.302183E+01     120
4.410078E+00   3.955726E+01     110
5.154597E+00   4.458407E+01     120
3.027660E+00   4.130327E+01     120
6.312005E-13   7.512047E+00     130
9.533630E-08   9.921333E-10     190
1.715287E-34   3.243196E-07     110
2.053043E-26   2.859587E+01     290
1.532290E-88   5.356595E+01     160
7.865305E-20   3.803086E+01     270
2.949636E-11   1.027274E+01     290
2.694144E-43   1.199931E+00     240
1.666710E-21   2.091784E-01     220
1.349062E-44   1.754932E-21     150
3.776875E-07   8.622220E-15     140
1.096832E-17   1.211697E-03     220
1.307252E-09   1.405201E-12     290
2.130523E-14   3.901702E-39     290
1.962861E-20   1.239373E-05     160
2.064559E-22   4.002028E-05     160
6.303064E-08   3.675948E-02     270
1.379469E-37   1.921921E+00     190
6.946498E-05   2.319766E+01     240
2.010090E+00   5.361182E+01     110
2.511839E+00   5.411451E+01     120
2.437461E+00   3.351682E+01     110
1.739342E-11   3.523337E-04     240
1.786542E-20   6.030880E-02     290
1.299606E-27   2.404113E-14     130
1.515159E-29   8.705427E-11     140
1.086148E-84   3.730846E-12     240
4.730596E-36   4.633624E-03     280
1.431195E-01   2.654235E-29     230
7.503098E-07   4.133840E-07     220
9.013647E-16   2.137980E-49     180
2.699430E-78   1.009090E-25     290
1.589910E-08   2.161750E-15     210
2.393523E-25   2.193035E-04     280
4.996886E-30   1.458582E-03     170
7.576599E-08   2.646333E-02     140
3.237985E-37   6.165406E-04     140
3.979058E-05   1.458976E-20     220
5.229236E-31   4.472752E-16     190
2.859251E-25   1.164183E-10     140
2.148208E-23   4.803854E-02     140
4.246170E-03   9.007757E+00     190
9.019474E-27   2.230598E+00     110
4.984653E-18   1.439680E-04     200
2.227907E-14   1.033825E-09     180
