5.566400E-03   1.589177E-02      210
3.497251E-07   1.512594E-02      260
1.605834E-07   1.434232E-02      250
4.676500E-50   1.356764E-02      170
2.590645E-04   1.279300E-02      200
7.241037E-17   1.201840E-02      120
9.623123E-15   1.124385E-02      290
1.953571E-01   1.046937E+02      160
1.153521E-13   9.694968E-01      150
7.570378E-04   9.012840E-01      190
1.646397E-04   8.146611E-01      200
1.144334E-11   7.372469E-01      290
7.425156E-02   6.598731E-01      150
1.338456E-02   5.825229E-01      260
3.535608E-36   5.052234E-01      110
1.028534E-15   4.285864E-01      160
1.142988E-02   3.565278E-01      120
2.683015E-10   2.763097E-01      120
4.917033E-05   2.438919E-01      240
5.665896E-07   1.247268E-01      290
1.286780E-45   8.099188E-00      120
1.923841E-22   7.895262E-00      130
1.780898E-04   1.629841E-02      150
7.396495E-03   2.097640E-02      280
2.725704E-01   2.040645E+02      210
9.835112E-01   1.796498E+02      200
2.833045E+00   1.694529E+02      200
1.893797E+00   1.468880E+02      190
3.779290E-01   1.475431E+02      230
1.014925E-06   1.565299E-02      160
2.919272E-18   1.454245E-02      120
4.217034E-03   1.237673E-02      170
2.381748E+00   9.896659E+01      170
4.128221E+00   8.474165E+01      180
3.472199E+00   7.773409E+01      180
1.535266E+00   7.049291E+01      190
4.733136E-19   6.510345E-01      180
4.522040E-06   6.418057E-01      230
1.008847E-48   5.262918E-01      110
1.021430E-03   3.866533E-01      250
2.868113E-17   2.140004E-01      290
3.168162E-51   1.226586E-01      200
5.112226E-17   6.420287E-00      150
1.258813E-16   5.566932E-00      280
1.127802E-13   1.592951E-02      170
1.304317-117   2.272714E-02      250
1.274807E-16   2.157612E-02      260
2.956608E+00   1.841299E+02      200
6.559654E+00   1.556753E+02      200
6.095580E+00   1.384230E+02      190
2.494655E+00   1.457032E+02      200
1.201286E-12   1.578987E-02      170
2.028229E-46   1.463508E-02      160
3.480418E-10   1.147504E-02      280
4.034548E+00   8.321320E+01      180
8.328045E+00   8.213046E+01      180
8.190955E+00   8.286251E+01      180
3.404696E+00   6.808619E+01      180
1.144594E-01   6.627336E+01      210
5.866279E-35   6.627081E-01      220
4.942289E-03   5.514066E-01      220
5.282740E-01   4.426396E+01      120
9.784695E-01   2.309184E+01      120
1.333194E+00   2.174341E-01      110
3.076578E-01   1.275358E+01      220
6.683588E-08   1.337181E-01      240
1.563335E-02   1.601400E-02      290
3.297554E-41   2.258206E-02      200
1.008677E-01   2.158281E+02      260
3.143294E+00   1.811638E+02      200
6.950300E+00   1.462897E+02      200
7.453097E+00   1.515514E+02      200
3.674227E+00   1.387548E+02      200
6.386868E-01   1.550640E+02      240
1.964938E-19   1.481859E-02      230
1.343644E-01   1.271557E+02      190
3.603404E+00   1.008619E+02      180
7.559738E+00   8.843899E+01      180
7.140846E+00   8.208399E+01      180
2.956839E+00   7.230199E+01      180
5.626176E-01   6.994723E+01      170
1.501885E-31   7.003230E-01      110
2.519557E-12   5.783997E-01      150
2.213947E+00   4.999953E+01      130
4.000511E+00   2.956397E+01      120
4.254564E+00   3.379455E+01      120
1.809771E+00   2.461996E+01      130
9.510341E-01   2.058064E+01      130
2.014154E-14   1.611693E-02      130
1.623349E-31   2.302813E-02      230
9.963580E-14   2.188712E-02      200
2.119872E+00   2.031676E+02      200
2.827848E+00   1.839429E+02      210
3.258370E+00   1.629300E+02      200
1.975432E+00   1.463138E+02      200
3.639642E-05   1.568143E-02      200
1.737609E-11   1.508969E-02      190
9.429778E-22   1.397380E-02      160
4.396187E-24   1.196807E-02      190
3.150154E+00   1.037339E+02      180
3.488184E+00   1.024369E+02      180
1.088791E+00   8.960136E+01      170
6.414198E-02   8.239185E-01      200
3.984659E-83   7.577712E-01      110
6.367432E-01   5.659544E+01      120
3.319239E+00   4.112530E+01      120
5.279209E+00   3.339970E+01      120
5.084793E+00   4.426532E+01      120
2.981331E+00   3.397948E+01      120
1.635162E+00   3.036887E+01      110
4.965561E-01   1.626531E+02      180
2.265754E-53   2.317716E-02      280
9.378870E-83   2.213271E-02      220
7.386187E-12   2.100498E-02      220
2.140478E-13   1.985328E-02      260
4.280841E-01   1.807786E+02      180
3.717072E-01   1.714737E+02      240
2.182678E-13   1.654217E-02      290
1.431038E-04   1.544376E-02      160
4.021394E-05   1.435539E-02      230
3.223283E-10   1.310503E-02      120
4.947960E-34   1.220662E-02      110
7.506968E-03   1.118025E-02      160
2.123863E-19   9.989523E-01      130
1.951930E-08   9.190110E-01      130
4.656150E-05   8.260879E-01      140
1.561751E-25   7.008361E-01      290
1.956338E+00   5.717200E+01      120
3.275417E+00   3.989445E+01      120
2.263485E+00   5.472255E+01      120
1.829818E+00   4.514870E+01      120
1.069333E+00   4.211608E+01      140
1.121095E-11   1.679605E-02      250
1.405301E-24   2.241700E-02      270
1.498065E-61   2.243590E-02      170
1.699699E-09   2.132421E-02      140
1.797884E-01   2.021821E-02      240
1.224133E-29   1.911894E-02      260
2.756378E-09   1.785625E-02      240
2.487715E-22   1.694490E-02      270
7.369817E-02   1.587513E-02      280
5.966408E-18   1.481817E-02      140
3.847911E-13   1.377901E-02      120
9.862794E-45   1.275951E-02      190
1.611296E-29   1.174155E-02      210
2.348552E-18   1.081152E-02      190
4.536791E-02   9.898052E-01      250
2.627575E-11   9.041693E-01      270
6.264805E-13   8.121149E-01      170
7.481445E-14   6.942340E-01      240
1.322374E+00   5.441164E+01      120
5.085172E-04   5.976935E-01      290
1.486824E-09   5.769359E-01      180
3.548222E-27   4.464455E-01      190
2.112576E-65   1.666653E-02      210
6.316199E-15   1.629008E-02      120
6.619760E-01   1.519629E+02      220
5.397652E-01   1.451212E+02      170
9.755803E-04   1.374356E-02      280
3.054437E-18   1.302562E-02      250
1.578780E-45   1.231458E-02      110
4.210638E-02   1.161174E-02      230
5.416099E-07   1.091866E-02      200
5.893799E-04   1.025141E-02      130
1.358764E-83   9.570259E-01      180
1.637052E-05   8.920659E-01      190
1.654363E-09   8.459345E-01      180
6.964354E-63   7.691443E-01      290
1.615688E-20   7.123888E-01      220
9.158188E-55   6.598701E-01      160
7.742394E-24   6.133456E-01      240
1.710283E-05   5.723958E-01      120
4.714568E-01   5.465574E+01      120
7.792550E-44   5.169751E-01      240
1.318797E-32   5.055972E-01      220
5.799855E-65   5.052233E-01      120
